45
45
33
33
192
192
85
85
33
33
5
5
195
195
5
5
195
195
5
5
195
195
5
5
195
195
5
5
195
195
5
5
195
195
5
5
195
195
5
5
195
195
5
5
195
195
5
5
195
195
5
5
195
195
5
5
195
195
5
5
195
195
5
5
195
195
5
5
195
195
5
5
195
195
5
5
195
195
5
5
195
195
5
5
195
195
5
5
195
195
5
5
195
195
5
5
195
195
5
5
195
195
5
5
195
195
5
5
195
195
5
5
195
195
5
5
195
195
5
5
195
195
5
5
195
195
5
5
195
195
5
5
195
195
5
5
195
195
5
5
197
197
192
192
6
6
33
33
5
5
3
3
197
197
192
192
192
192
192
192
6
6
5
5
3
3
197
197
192
192
192
192
6
6
5
5
33
33
5
5
3
3
197
197
192
192
192
192
192
192
6
6
5
5
33
33
5
5
3
3
197
197
192
192
125
125
192
192
192
192
6
6
192
192
243
243
125
125
125
125
125
125
125
125
91
91
258
258
311
311
240
240
240
240
174
174
174
174
175
175
191
191
122
122
45
45
45
45
85
85
33
33
5
5
197
197
192
192
3
3
3
3
6
6
91
91
5
5
197
197
192
192
3
3
6
6
91
91
5
5
221
221
220
220
220
220
6
6
195
195
200
200
202
202
199
199
201
201
11
11
11
45
45
33
33
192
192
85
85
33
33
5
5
195
195
5
5
195
195
5
5
195
195
5
5
195
195
5
5
195
195
5
5
195
195
5
5
195
195
5
5
195
195
5
5
195
195
5
5
195
195
5
5
195
195
5
5
195
195
5
5
195
195
5
5
195
195
5
5
195
195
5
5
195
195
5
5
195
195
5
5
195
195
5
5
195
195
5
5
195
195
5
5
195
195
5
5
195
195
5
5
195
195
5
5
195
195
5
5
195
195
5
5
195
195
5
5
195
195
5
5
195
195
5
5
195
195
5
5
195
195
5
5
195
195
5
5
195
195
5
5
195
195
5
5
195
195
5
5
195
195
5
5
195
195
5
5
195
195
5
5
195
195
5
5
195
195
5
5
195
195
5
5
195
195
5
5
195
195
5
5
195
195
5
5
195
195
5
5
195
195
5
5
195
195
5
5
195
195
5
5
195
195
5
5
195
195
5
5
195
195
5
5
195
195
5
5
195
195
5
5
195
195
5
5
195
195
5
5
195
195
5
5
195
195
5
5
195
195
5
5
195
195
5
5
195
195
5
5
195
195
5
5
195
195
5
5
195
195
5
5
195
195
5
5
195
195
5
5
195
195
5
5
195
195
5
5
195
195
5
5
195
195
5
5
195
195
5
5
195
195
5
5
195
195
5
5
195
195
5
5
195
195
5
5
195
195
5
5
195
195
5
5
195
195
5
5
195
195
5
5
195
195
5
5
195
195
5
5
195
195
5
5
197
197
192
192
6
6
33
33
5
5
3
3
197
197
192
192
192
192
192
192
6
6
5
5
3
3
197
197
192
192
192
192
192
192
6
6
5
5
5
5
5
5
33
33
5
5
3
3
197
197
192
192
192
192
6
6
5
5
5
5
5
5
33
33
5
5
3
3
197
197
192
192
125
125
192
192
192
192
6
6
192
192
243
243
125
125
125
125
125
125
125
125
91
91
258
258
311
311
240
240
240
240
174
174
174
174
175
175
191
191
122
122
45
45
45
45
85
85
33
33
5
5
197
197
192
192
3
3
3
3
6
6
91
91
5
5
197
197
192
192
3
3
6
6
91
91
5
5
221
221
220
220
220
220
6
6
195
195
200
200
202
202
199
199
201
201
240
240
5
5
3
3
197
197
192
192
192
192
192
192
6
6
5
5
5
5
5
5
5
5
197
197
192
192
6
6
33
33
5
5
3
3
197
197
192
192
192
192
6
6
125
125
125
125
125
125
91
91
192
192
125
125
120
120
240
SEDES
Sun Mar 28 15:25:53 CEST 2010
Exception in thread "main" java.net.ConnectException: Connection refused
	at java.net.PlainSocketImpl.socketConnect(Native Method)
	at java.net.PlainSocketImpl.doConnect(PlainSocketImpl.java:333)
	at java.net.PlainSocketImpl.connectToAddress(PlainSocketImpl.java:195)
	at java.net.PlainSocketImpl.connect(PlainSocketImpl.java:182)
	at java.net.SocksSocketImpl.connect(SocksSocketImpl.java:366)
	at java.net.Socket.connect(Socket.java:525)
	at java.net.Socket.connect(Socket.java:475)
	at java.net.Socket.<init>(Socket.java:372)
	at java.net.Socket.<init>(Socket.java:186)
	at Dupa.main(Dupa.java:15)
240
252
